57
#3
 0.00  1 62 0 0
 2.64  1 74 0 0
 5.28  1 50 0 0
#63
0.0 1 62 86 0.5
0.1 1 64 85 0.5
0.2 1 65 84 0.5
0.3 1 67 83 0.5
0.4 1 69 82 0.5
0.5 1 70 81 0.5
0.6 1 72 80 0.5
0.7 1 74 79 0.5
0.8 1 76 78 0.5
0.9 1 77 77 0.5

1.0 1 77 90 1.0
1.2 1 81 90 1.0
1.4 1 84 90 1.0
1.6 1 81 90 1.0
1.8 1 77 90 1.0

2.0 1 74 86 0.5
2.1 1 76 85 0.5
2.2 1 77 84 0.5
2.3 1 79 83 0.5
2.4 1 81 82 0.5
2.5 1 82 81 0.5
2.6 1 84 80 0.5
2.7 1 86 79 0.5
2.8 1 88 78 0.5
2.9 1 89 77 0.5

3.0 1 77 86 0.5
3.1 1 79 85 0.5
3.2 1 81 84 0.5
3.3 1 82 83 0.5
3.4 1 84 82 0.5
3.5 1 86 81 0.5
3.6 1 88 80 0.5
3.7 1 89 79 0.5
3.8 1 91 78 0.5
3.9 1 93 77 0.5

4.0 1 91 86 0.5
4.1 1 89 85 0.5
4.2 1 88 84 0.5
4.3 1 86 83 0.5
4.4 1 84 82 0.5
4.5 1 82 81 0.5
4.6 1 81 80 0.5
4.7 1 79 79 0.5
4.8 1 77 78 0.5
4.9 1 76 77 0.5

5.000 1 77 80 0.5
5.125 1 77 80 0.5
5.250 1 77 80 0.5
5.375 1 77 80 0.5
5.500 1 77 80 1.0

6.000 1 74 78 0.5
6.125 1 74 78 0.5
6.250 1 74 78 0.5
6.375 1 74 78 0.5
6.500 1 74 78 0.5
6.625 1 72 77 0.5
6.750 1 70 76 0.5
6.875 1 69 75 0.5

7.0 1 70 80 0.5
7.2 1 67 80 0.5
7.4 1 70 80 0.5
7.6 1 64 80 0.5
7.8 1 67 80 0.5
