60 57
#3
0.00 1 60 0 0
2.84 1 60 0 0
5.68 1 60 0 0
#27
0.00 1 60 60 1
1.00 1 60 60 1
2.00 1 60 60 1
2.50 1 62 60 1
3.00 1 64 60 1

4.00 1 64 60 1
4.75 1 62 60 1
5.00 1 64 60 1
5.75 1 65 60 1
6.00 1 67 60 1

8.00 1 72 60 1
8.25 1 72 60 1
8.50 1 72 60 1
9.00 1 67 60 1
9.25 1 67 60 1
9.50 1 67 60 1
10.00 1 64 60 1
10.25 1 64 60 1
10.50 1 64 60 1
11.00 1 60 60 1
11.25 1 60 60 1
11.50 1 60 60 1

12.00 1 67 60 1
12.75 1 65 60 1
13.00 1 64 60 1
13.75 1 62 60 1
14.00 1 60 60 1
