57 60
#9
0.0   1 0 0 0
0.5   1 0 0 0
0.75  1 0 0 0
1.0   1 0 0 0
1.25  1 0 0 0
1.75  1 0 0 0
2.00  1 0 0 0
2.25  1 0 0 0
2.50  1 0 0 0
#8
0.0 1 60 0 0
0.0 1 61 0 0
0.0 1 63 0 0
0.0 1 66 0 0
0.0 1 67 0 0
0.0 1 69 0 0
0.0 1 70 0 0
0.0 1 72 0 0
#7
0.000 1 60 84 0.3
0.125 1 61 84 0.3
0.250 1 63 84 0.3
0.375 1 66 84 0.3
0.500 1 67 68 0.3
0.625 1 69 72 0.3
0.750 1 70 68 0.3
#11
0.000 1 72 80 0.3
0.250 1 69 78 0.3
0.500 1 70 78 0.3
0.625 1 69 78 0.3
0.750 1 67 78 0.3
0.875 1 66 78 0.3
1.000 1 67 78 0.3
1.125 1 69 68 0.3
1.250 1 67 72 0.3
1.375 1 66 68 0.3
1.500 1 63 76 0.3
#5
0.00 1 60 80 1.0
0.01 1 63 80 1.0
0.02 1 66 80 1.0
0.03 1 69 80 1.0
0.04 1 72 80 1.0
#5
0.00 1 61 80 1.0
0.01 1 66 80 1.0
0.02 1 67 80 1.0
0.03 1 69 80 1.0
0.04 1 70 80 1.0
