60
#28
0.00 1 0 0 0
0.17 1 0 0 0
0.34 1 0 0 0
0.50 1 0 0 0
0.67 1 0 0 0
0.84 1 0 0 0
1.00 1 0 0 0
2.000 1 0 0 0
2.125 1 0 0 0
2.250 1 0 0 0
2.375 1 0 0 0
2.500 1 0 0 0
2.625 1 0 0 0
2.750 1 0 0 0
2.875 1 0 0 0
3.000 1 0 0 0
3.34 1 0 0 0
3.67 1 0 0 0
4.0 1 0 0 0
4.1 1 0 0 0
4.2 1 0 0 0
4.3 1 0 0 0
4.4 1 0 0 0
4.5 1 0 0 0
4.6 1 0 0 0
4.7 1 0 0 0
4.8 1 0 0 0
4.9 1 0 0 0
#10
0 1 60 0 0
0 1 63 0 0
0 1 66 0 0
0 1 69 0 0
0 1 72 0 0
6.5 1 58 0 0
6.5 1 63 0 0
6.5 1 66 0 0
6.5 1 69 0 0
6.5 1 73 0 0
