57 60
#9
0.00  1 0 0 0
0.17  1 0 0 0
0.34  1 0 0 0
0.50  1 0 0 0
0.67  1 0 0 0
0.84  1 0 0 0
1.00  1 0 0 0
1.34  1 0 0 0
1.67  1 0 0 0
#10
0.0 1 60 0 0
0.0 1 63 0 0
0.0 1 66 0 0
0.0 1 69 0 0
0.0 1 72 0 0
10.0 1 60 0 0
10.0 1 61 0 0
10.0 1 66 0 0
10.0 1 67 0 0
10.0 1 71 0 0
#5			
0.00 1 60 80 1.0
0.01 1 63 80 1.0
0.02 1 66 80 1.0
0.03 1 69 80 1.0
0.04 1 72 80 1.0
#5
0.00 1 60 80 1.0
0.01 1 61 80 1.0
0.02 1 66 80 1.0
0.03 1 67 80 1.0
0.04 1 71 80 1.0
#14
0.000 1 69 80 0.3
0.125 1 72 78 0.3
0.250 1 69 78 0.3
0.375 1 72 80 0.3
0.500 1 69 78 0.3
0.625 1 66 78 0.3
0.750 1 63 78 0.3
0.875 1 60 78 0.3
1.000 1 63 84 0.3
1.170 1 66 72 0.3
1.340 1 69 80 0.3
1.500 1 66 72 0.3
1.670 1 69 80 0.3
1.840 1 72 76 0.3
#14
0.000 1 67 80 0.3
0.125 1 71 78 0.3
0.250 1 67 78 0.3
0.375 1 71 80 0.3
0.500 1 67 78 0.3
0.625 1 66 78 0.3
0.750 1 61 78 0.3
0.875 1 60 78 0.3
1.000 1 61 84 0.3
1.170 1 66 72 0.3
1.340 1 67 80 0.3
1.500 1 66 72 0.3
1.670 1 67 80 0.3
1.840 1 71 76 0.3
