60
#11
0.0 1 60 0 0
0.0 1 62 0 0
0.0 1 65 0 0
0.0 1 68 0 0
0.0 1 70 0 0
0.0 1 72 0 0
6.0 1 65 0 0
6.0 1 66 0 0
6.0 1 68 0 0
6.0 1 70 0 0
6.0 1 71 0 0
#9
0.00 1 60 80 0.6
0.17 1 62 72 0.5
0.34 1 68 78 0.6
0.50 1 72 76 0.5
0.67 1 70 78 0.6
0.84 1 65 72 0.5
1.00 1 62 80 0.8
1.34 1 62 76 0.8
1.67 1 62 72 0.8
#4
0.00 1 60 80 1.0
0.50 1 62 80 1.0
1.00 1 68 80 1.0
1.50 1 72 80 1.0
#8
0.00 1 60 80 0.5
0.20 1 70 76 0.5
0.40 1 72 72 0.5
0.60 1 70 76 0.5
0.80 1 62 72 0.5
1.00 1 68 80 1.0
1.50 1 68 76 1.0
1.75 1 68 72 1.0
#11
0.00   1 60 80 0.7
0.34   1 62 80 0.7
0.67   1 68 80 0.7
1.00   1 72 80 0.7
1.125  1 70 80 0.7
1.25   1 68 80 0.7
1.375  1 65 80 0.7
1.50   1 68 80 0.7
1.625  1 65 80 0.7
1.75   1 62 80 0.7
1.875  1 60 80 0.7

