60
#17
 0.00 1 67 0 0
 1.50 1 70 0 0
 2.50 1 67 0 0
 4.00 1 70 0 0
 4.34 1 69 0 0
 4.67 1 67 0 0
 5.00 1 67 0 0
 6.00 1 72 0 0
 7.00 1 72 0 0
 7.25 1 70 0 0
 7.50 1 69 0 0
 7.75 1 67 0 0
 8.00 1 66 0 0
 8.25 1 65 0 0
 8.50 1 63 0 0
 8.75 1 62 0 0
 9.00 1 60 0 0
#13
0.0 1 57 0 0
0.0 1 58 0 0
0.0 1 60 0 0
0.0 1 62 0 0
0.0 1 63 0 0
0.0 1 65 0 0
0.0 1 66 0 0
0.0 1 67 0 0
0.0 1 69 0 0
0.0 1 70 0 0
0.0 1 72 0 0
0.0 1 74 0 0
0.0 1 75 0 0
#15
0.0 1 69 80 0.3
0.1 1 72 76 0.3
0.2 1 69 78 0.3
0.3 1 72 76 0.3
0.4 1 69 76 0.3
0.5 1 70 78 0.3
0.6 1 69 76 0.3
0.7 1 72 78 0.3
0.8 1 69 76 0.3
0.9 1 70 76 0.3
1.0 1 72 80 0.3
1.1 1 69 76 0.3
1.2 1 70 78 0.3
1.3 1 69 76 0.3
1.4 1 72 76 0.3

