57 60
#6
0.000 1 62 0 0
3.000 1 62 0 0
3.001 1 62 0 0
6.000 1 74 0 0
6.001 1 62 0 0
6.002 1 62 0 0
#21
0.00 1 62 80 1
0.25 1 64 80 1
0.50 1 65 80 1
0.75 1 64 80 1
1.00 1 65 80 1
1.25 1 67 80 1
1.50 1 69 80 1
1.75 1 70 80 1
2.00 1 69 80 1
2.25 1 70 80 1
2.50 1 72 80 1
2.75 1 70 80 1
3.00 1 72 80 1
3.17 1 70 80 1
3.34 1 69 80 1
3.50 1 67 80 1
3.67 1 65 80 1
3.84 1 64 80 1
4.00 1 62 80 1
4.50 1 62 80 1
5.00 1 62 80 2
#16
0.00 1 62 80 1
1.00 1 62 80 1
1.25 1 64 80 1
1.50 1 65 80 1
1.75 1 64 80 1
2.00 1 65 80 1
2.25 1 67 80 1
2.50 1 69 80 1
2.75 1 70 80 1
3.00 1 72 80 1
3.50 1 70 70 1
3.67 1 69 80 1
3.84 1 67 80 1
4.00 1 65 80 1
4.50 1 64 80 1
5.00 1 62 80 2
#15
0.0  1 62 80 1
1.0  1 62 80 1
1.5  1 60 80 1
2.00 1 62 80 1
2.25 1 63 60 1
2.50 1 65 70 1
2.75 1 67 75 1
3.00 1 68 80 2
4.25 1 67 60 1
4.50 1 65 70 1
4.75 1 64 75 1
5.00 1 65 80 1
5.25 1 67 60 1
5.50 1 65 70 1
5.75 1 63 75 1
