57 60
#6
 0.000	1 62 0 0
 6.000	1 62 0 0
 6.001	1 67 0 0
12.000	1 62 0 0
12.001	1 67 0 0
12.002	1 72 0 0
#20
0.00 1 62 80 1
0.25 1 62 80 1
0.50 1 62 80 2
1.50 1 62 80 1
1.67 1 62 80 1
1.84 1 62 80 1
2.00 1 62 80 1
2.20 1 62 80 1
2.40 1 62 80 1
2.60 1 62 80 1
2.80 1 62 80 1
3.00 1 62 80 1
4.00 1 62 80 1
4.34 1 62 80 1
4.67 1 62 80 1
5.00 1 62 80 1
5.34 1 62 80 1
5.61 1 62 80 1
5.80 1 62 80 1
5.93 1 62 80 1
#17
0.00 1 62 80 1
0.25 1 64 80 1
0.50 1 65 80 1
0.75 1 64 80 1
1.00 1 67 80 1
2.00 1 65 80 1
2.50 1 64 80 1
3.00 1 62 80 1
3.17 1 64 80 1
3.34 1 65 80 1
3.50 1 67 80 1
3.67 1 69 80 1
3.84 1 70 80 1
4.00 1 72 80 1
4.50 1 70 80 1
5.00 1 67 80 1
5.50 1 64 80 1
#6
0.0 1 62 80 1
1.0 1 62 80 1
2.5 1 62 80 1
3.0 1 62 80 1
4.5 1 62 80 1
5.0 1 62 80 1
