57 60
#6
 0.000 1 60 0 0
 4.980 1 60 0 0
 4.981 1 63 0 0
 9.960 1 63 0 0
14.940 1 66 0 0
14.945 1 60 0 0
#7
0.0 1 62 0 0
0.0 1 64 0 0
0.0 1 65 0 0
0.0 1 67 0 0
0.0 1 71 0 0
0.0 1 73 0 0
0.0 1 74 0 0
#38
0.00 1 60 80 1.0
0.50 1 60 80 2.0
1.50 1 62 80 1.0
2.00 1 63 80 0.4
2.25 1 65 72 0.4
2.50 1 63 76 0.4
2.75 1 62 72 0.4

3.00 1 60 80 0.4
3.25 1 60 76 0.6
3.50 1 60 80 2.0
4.50 1 62 80 0.4
4.75 1 62 76 0.4
5.00 1 63 80 0.4
5.25 1 65 72 0.4
5.50 1 62 76 0.4
5.75 1 63 72 0.4

6.00 1 60 80 2.1
7.00 1 58 80 2.1
8.00 1 57 73 0.4
8.25 1 58 74 0.4
8.75 1 60 76 0.4
9.000 1 62 77 0.4
9.125 1 65 78 0.4
9.250 1 63 79 0.4
9.375 1 67 80 0.4
9.500 1 69 81 0.3
9.600 1 72 82 0.3
9.700 1 70 83 0.3
9.800 1 74 84 0.3
9.900 1 75 75 0.3
10.00 1 74 88 0.3
10.17 1 72 87 0.3
10.34 1 70 86 0.3
10.50 1 66 86 0.4
10.75 1 66 83 0.4
11.00 1 66 88 1.0
11.50 1 66 84 0.4
11.75 1 66 80 0.4

